0 0.777250 0.461533 0.050250 0.034617
0 0.805075 0.493333 0.051550 0.043600
0 0.846322 0.493892 0.053644 0.048067
0 0.890944 0.492508 0.063452 0.085264
0 0.812634 0.460983 0.045644 0.030133
0 0.679053 0.428592 0.035594 0.036850
0 0.921388 0.484979 0.062247 0.078924
0 0.919197 0.446688 0.057481 0.033658
0 0.893959 0.439683 0.036956 0.028350
0 0.387175 0.668292 0.086051 0.148460
0 0.489237 0.651383 0.092573 0.150710
0 0.297537 0.678971 0.070587 0.112392
0 0.177481 0.668875 0.090147 0.159258
0 0.062169 0.686338 0.124338 0.204177
0 0.576575 0.639554 0.131660 0.191729
0 0.665016 0.623675 0.136194 0.192877
0 0.731084 0.616821 0.132610 0.186413
0 0.811891 0.613471 0.136545 0.177306
0 0.878222 0.601121 0.143664 0.183496
0 0.930664 0.583225 0.138673 0.166211
0 0.275584 0.517083 0.041519 0.063750
0 0.136550 0.516246 0.072937 0.075492
0 0.333722 0.509904 0.049981 0.074392
0 0.387775 0.510679 0.048825 0.060442
0 0.448750 0.505912 0.054425 0.060475
0 0.497231 0.504246 0.053800 0.057142
0 0.553269 0.503112 0.075199 0.096377
0 0.602034 0.498413 0.067688 0.087885
0 0.659619 0.496963 0.080819 0.098002
0 0.249969 0.434804 0.030963 0.037542
0 0.375047 0.429150 0.033081 0.033500
0 0.416712 0.430825 0.034338 0.034617
0 0.451259 0.429988 0.033081 0.030708
0 0.493969 0.430267 0.035587 0.033500
0 0.538772 0.428313 0.038944 0.039642
0 0.572481 0.428592 0.036013 0.035733
0 0.606400 0.426917 0.041037 0.040200
0 0.646600 0.428871 0.045225 0.036292
0 0.390750 0.469071 0.041875 0.047458
0 0.284388 0.474367 0.038525 0.054733
0 0.442466 0.467396 0.043131 0.035175
0 0.479734 0.462929 0.041456 0.037408
0 0.520769 0.464046 0.043963 0.045225
0 0.576878 0.462092 0.053181 0.040200
0 0.623569 0.463488 0.051925 0.038525
0 0.667119 0.464325 0.043550 0.036850
0 0.699884 0.462721 0.051159 0.062956
0 0.704178 0.495312 0.049831 0.047458
0 0.756975 0.493321 0.077874 0.094920
0 0.737259 0.461254 0.046481 0.037408
0 0.964231 0.465154 0.062412 0.036308
