0 0.065000 0.832083 0.105000 0.177500
0 0.201875 0.812500 0.086250 0.151667
0 0.305625 0.790000 0.090000 0.150000
0 0.400938 0.772083 0.095625 0.130833
0 0.483438 0.756667 0.095625 0.125000
0 0.567813 0.745417 0.103125 0.115833
0 0.640625 0.733333 0.095000 0.108333
0 0.714375 0.720417 0.107500 0.105833
0 0.770312 0.710417 0.084375 0.095833
0 0.849063 0.709583 0.099375 0.094167
0 0.882188 0.697083 0.103125 0.084167
0 0.923750 0.690833 0.092500 0.086667
0 0.953125 0.662083 0.093750 0.047500
0 0.984062 0.651667 0.031875 0.033333
0 0.842812 0.587083 0.064375 0.047500
0 0.806562 0.591250 0.049375 0.042500
0 0.770625 0.592917 0.052500 0.045833
0 0.743750 0.598333 0.051250 0.043333
0 0.706250 0.602083 0.056250 0.045833
0 0.655625 0.596250 0.065000 0.060833
0 0.611563 0.598750 0.056875 0.052500
0 0.564688 0.606250 0.058125 0.052500
0 0.512813 0.607917 0.055625 0.050833
0 0.462187 0.610833 0.054375 0.051667
0 0.405000 0.615000 0.053750 0.056667
0 0.345313 0.618750 0.054375 0.064167
0 0.283438 0.626667 0.054375 0.066667
0 0.208125 0.632917 0.057500 0.065833
0 0.204375 0.577917 0.046250 0.049167
0 0.253750 0.537500 0.045000 0.046667
0 0.296563 0.535417 0.031875 0.037500
0 0.340000 0.530833 0.037500 0.041667
0 0.277187 0.579167 0.043125 0.045000
0 0.335938 0.573750 0.041875 0.045833
0 0.401562 0.570417 0.051875 0.047500
0 0.386250 0.530000 0.035000 0.033333
0 0.427187 0.531667 0.041875 0.038333
0 0.449062 0.569583 0.051875 0.044167
0 0.494688 0.568333 0.048125 0.038333
0 0.500000 0.531667 0.038750 0.038333
0 0.541250 0.531667 0.040000 0.031667
0 0.578750 0.530833 0.038750 0.028333
0 0.539375 0.567500 0.048750 0.036667
0 0.577500 0.563333 0.046250 0.036667
0 0.612500 0.557083 0.047500 0.032500
0 0.653438 0.562500 0.053125 0.043333
0 0.691250 0.564583 0.043750 0.029167
0 0.715313 0.558333 0.054375 0.038333
0 0.752188 0.560417 0.040625 0.025833
