0 0.542813 0.478333 0.035625 0.038333
0 0.497188 0.473333 0.033125 0.036667
0 0.458437 0.474167 0.034375 0.040000
0 0.413438 0.472083 0.034375 0.042500
0 0.373437 0.467500 0.036875 0.046667
0 0.325313 0.467917 0.031875 0.035833
0 0.155000 0.609167 0.072500 0.080000
0 0.970313 0.766250 0.059375 0.067500
0 0.300625 0.859583 0.067500 0.140833
0 0.398438 0.830833 0.075625 0.168333
0 0.503125 0.846250 0.081250 0.162500
0 0.600938 0.837917 0.105625 0.170833
0 0.180000 0.852500 0.095000 0.196667
0 0.072188 0.854583 0.119375 0.200833
0 0.706875 0.828333 0.120000 0.171667
0 0.778125 0.819167 0.126250 0.161667
0 0.874687 0.822917 0.126875 0.150833
0 0.939063 0.810417 0.121875 0.147500
0 0.292500 0.607917 0.045000 0.067500
0 0.354687 0.601667 0.048125 0.085000
0 0.411250 0.611250 0.043750 0.065833
0 0.481250 0.607917 0.053750 0.074167
0 0.539062 0.609167 0.055625 0.060000
0 0.595313 0.610833 0.059375 0.063333
0 0.651250 0.607500 0.063750 0.061667
0 0.719063 0.610000 0.076875 0.063333
0 0.771875 0.608333 0.062500 0.060000
0 0.835938 0.612917 0.079375 0.065833
0 0.894375 0.612917 0.065000 0.055833
0 0.944375 0.613333 0.072500 0.060000
0 0.982187 0.616250 0.035625 0.059167
0 0.308750 0.543750 0.040000 0.065833
0 0.368125 0.540417 0.040000 0.067500
0 0.438125 0.550000 0.043750 0.053333
0 0.480938 0.548750 0.041875 0.049167
0 0.522188 0.545417 0.043125 0.059167
0 0.566875 0.543750 0.046250 0.060833
0 0.630938 0.545417 0.058125 0.060833
0 0.686250 0.556250 0.060000 0.050833
0 0.733437 0.554167 0.058125 0.048333
0 0.777813 0.553750 0.053125 0.057500
0 0.825000 0.561667 0.058750 0.046667
0 0.866250 0.557500 0.065000 0.050000
0 0.915312 0.560000 0.053125 0.043333
0 0.761250 0.487500 0.040000 0.036667
0 0.721562 0.485417 0.050625 0.045833
0 0.672188 0.477917 0.046875 0.047500
0 0.632188 0.480000 0.040625 0.045000
0 0.594688 0.477083 0.043125 0.049167
