0 0.471250 0.697500 0.055000 0.053333
0 0.486875 0.659167 0.045000 0.038333
0 0.438125 0.653750 0.043750 0.052500
0 0.389375 0.655000 0.043750 0.055000
0 0.339062 0.652500 0.046875 0.056667
0 0.293750 0.655000 0.040000 0.055000
0 0.324062 0.611667 0.036875 0.033333
0 0.278750 0.608333 0.033750 0.038333
0 0.216875 0.610833 0.035000 0.035000
0 0.171875 0.608333 0.037500 0.038333
0 0.244688 0.654583 0.043125 0.057500
0 0.269688 0.701250 0.046875 0.062500
0 0.341562 0.704583 0.050625 0.060833
0 0.411250 0.697083 0.051250 0.057500
0 0.523125 0.698750 0.055000 0.055833
0 0.572187 0.697500 0.056875 0.060000
0 0.624062 0.701250 0.053125 0.055833
0 0.675312 0.702500 0.055625 0.048333
0 0.712500 0.698750 0.050000 0.049167
0 0.758437 0.699167 0.063125 0.050000
0 0.806875 0.701667 0.051250 0.046667
0 0.846875 0.702500 0.053750 0.046667
0 0.877812 0.703333 0.051875 0.050000
0 0.975313 0.784167 0.049375 0.056667
0 0.949375 0.815417 0.096250 0.094167
0 0.889375 0.813333 0.120000 0.096667
0 0.781563 0.831667 0.113125 0.108333
0 0.705313 0.818750 0.118125 0.124167
0 0.638437 0.842083 0.104375 0.124167
0 0.559063 0.835417 0.105625 0.127500
0 0.486875 0.864167 0.096250 0.135000
0 0.402500 0.870417 0.086250 0.154167
0 0.300000 0.881250 0.081250 0.150833
0 0.834063 0.815833 0.105625 0.103333
0 0.039062 0.707083 0.078125 0.077500
0 0.360625 0.612083 0.035000 0.032500
0 0.405938 0.614167 0.036875 0.035000
0 0.446875 0.615000 0.036250 0.038333
0 0.484063 0.617917 0.033125 0.032500
0 0.520000 0.617500 0.040000 0.031667
0 0.552188 0.619167 0.035625 0.035000
0 0.583750 0.624167 0.038750 0.035000
0 0.616563 0.626250 0.036875 0.032500
0 0.785625 0.660000 0.050000 0.038333
0 0.740313 0.662917 0.061875 0.029167
0 0.693750 0.662500 0.055000 0.041667
0 0.657500 0.662083 0.048750 0.039167
0 0.615625 0.660417 0.042500 0.035833
0 0.575937 0.658750 0.048125 0.042500
0 0.532813 0.657500 0.049375 0.045000
