0 0.784062 0.581667 0.048125 0.043333
0 0.828125 0.584583 0.046250 0.049167
0 0.739062 0.547500 0.040625 0.030000
0 0.696875 0.546250 0.057500 0.030833
0 0.640938 0.540000 0.045625 0.028333
0 0.461875 0.499583 0.038750 0.029167
0 0.768437 0.705000 0.109375 0.108333
0 0.274062 0.742500 0.085625 0.123333
0 0.394688 0.738333 0.086875 0.138333
0 0.497812 0.706250 0.099375 0.127500
0 0.618437 0.712083 0.096875 0.112500
0 0.697812 0.703333 0.108125 0.118333
0 0.497188 0.498750 0.036875 0.035833
0 0.811875 0.690000 0.101250 0.096667
0 0.883125 0.700000 0.100000 0.075000
0 0.925625 0.697500 0.092500 0.090000
0 0.962187 0.666667 0.075625 0.043333
0 0.268437 0.582083 0.050625 0.060833
0 0.261250 0.534167 0.041250 0.051667
0 0.251250 0.486667 0.038750 0.038333
0 0.294687 0.490417 0.031875 0.039167
0 0.322500 0.537083 0.042500 0.040833
0 0.336250 0.578750 0.053750 0.059167
0 0.390625 0.579583 0.052500 0.054167
0 0.372500 0.537083 0.045000 0.047500
0 0.334688 0.492083 0.034375 0.032500
0 0.375937 0.495417 0.031875 0.032500
0 0.419375 0.495000 0.038750 0.031667
0 0.455937 0.577917 0.056875 0.052500
0 0.435937 0.540833 0.000625 0.001667
0 0.422500 0.536250 0.042500 0.050833
0 0.470625 0.541667 0.043750 0.038333
0 0.513125 0.580417 0.057500 0.050833
0 0.509375 0.539583 0.045000 0.035833
0 0.558750 0.541667 0.053750 0.038333
0 0.601875 0.544167 0.051250 0.028333
0 0.612187 0.577917 0.050625 0.045833
0 0.564063 0.579167 0.054375 0.055000
0 0.657500 0.577917 0.053750 0.049167
0 0.705625 0.580833 0.052500 0.048333
0 0.530000 0.503333 0.032500 0.031667
0 0.564688 0.505417 0.039375 0.034167
0 0.597812 0.507083 0.039375 0.034167
0 0.747500 0.583333 0.050000 0.048333
