0 0.880992 0.462215 0.114294 0.201296
0 0.933359 0.470931 0.090560 0.161519
0 0.966428 0.465903 0.067144 0.159572
0 0.670262 0.473347 0.079271 0.155785
0 0.431953 0.344611 0.026078 0.047611
0 0.466141 0.348368 0.026781 0.060153
0 0.500684 0.352757 0.026789 0.058903
0 0.538023 0.348375 0.031047 0.057639
0 0.570820 0.347743 0.030312 0.061403
0 0.642715 0.353382 0.033133 0.047625
0 0.606766 0.356514 0.035953 0.053889
0 0.356535 0.346493 0.034539 0.053875
0 0.423848 0.276944 0.016914 0.035083
0 0.499609 0.278194 0.020469 0.030083
0 0.523941 0.281333 0.022555 0.033833
0 0.547203 0.280701 0.019734 0.035097
0 0.574695 0.283833 0.025375 0.033833
0 0.605359 0.280701 0.026078 0.042597
0 0.440766 0.318299 0.019734 0.047625
0 0.472840 0.311403 0.020445 0.046361
0 0.630383 0.281958 0.018328 0.032583
0 0.655406 0.283840 0.026078 0.038847
0 0.684656 0.286340 0.026781 0.041347
0 0.707215 0.288222 0.022555 0.035083
0 0.681133 0.359021 0.047938 0.063903
0 0.717082 0.356514 0.036648 0.056389
0 0.757262 0.359653 0.045117 0.057639
0 0.793211 0.360278 0.039469 0.053889
0 0.824930 0.361528 0.038063 0.058889
0 0.859824 0.365917 0.040180 0.055139
0 0.885902 0.364667 0.035945 0.055139
0 0.927141 0.338347 0.050750 0.045111
0 0.893656 0.315160 0.047234 0.038847
0 0.871453 0.306389 0.029609 0.036333
0 0.782355 0.475403 0.089075 0.163496
0 0.723121 0.468785 0.084307 0.169498
0 0.504609 0.315965 0.024812 0.045931
0 0.537922 0.315361 0.026859 0.035056
0 0.562230 0.314146 0.027195 0.036264
0 0.590613 0.315660 0.030258 0.042903
0 0.626816 0.316868 0.039430 0.041708
0 0.660129 0.318382 0.035352 0.035042
0 0.552754 0.479042 0.050937 0.117015
0 0.490812 0.485590 0.038063 0.093986
0 0.439707 0.483021 0.034539 0.074069
0 0.375215 0.467979 0.049226 0.120681
0 0.319176 0.465514 0.065325 0.137284
0 0.691746 0.322306 0.035352 0.032028
0 0.610969 0.474250 0.068174 0.141222
0 0.718430 0.322313 0.032297 0.040486
0 0.746109 0.325083 0.036406 0.038028
0 0.776371 0.325083 0.037773 0.036417
0 0.804129 0.326299 0.034133 0.033986
0 0.830699 0.466944 0.092435 0.173128
0 0.978859 0.361493 0.042281 0.054208
