0 0.558750 0.686250 0.050000 0.052500
0 0.467813 0.685833 0.046875 0.050000
0 0.411250 0.690833 0.041250 0.046667
0 0.297187 0.697083 0.055625 0.047500
0 0.245938 0.655000 0.034375 0.040000
0 0.305937 0.650417 0.031875 0.040833
0 0.355938 0.649167 0.035625 0.038333
0 0.430000 0.648750 0.037500 0.035833
0 0.471562 0.645833 0.039375 0.036667
0 0.513125 0.645000 0.038750 0.035000
0 0.572812 0.645000 0.040625 0.036667
0 0.606563 0.646667 0.039375 0.036667
0 0.640000 0.645000 0.038750 0.036667
0 0.865313 0.711250 0.079375 0.047500
0 0.907500 0.708750 0.052500 0.042500
0 0.742500 0.715000 0.053750 0.053333
0 0.705000 0.721250 0.061250 0.049167
0 0.652500 0.720833 0.051250 0.051667
0 0.643750 0.681250 0.057500 0.040833
0 0.683125 0.680833 0.053750 0.038333
0 0.600000 0.721250 0.065000 0.060833
0 0.503125 0.726667 0.058750 0.055000
0 0.443437 0.730417 0.053125 0.054167
0 0.376250 0.741250 0.052500 0.062500
0 0.821562 0.842500 0.124375 0.103333
0 0.691250 0.860833 0.112500 0.120000
0 0.604688 0.860000 0.109375 0.125000
0 0.537500 0.885833 0.097500 0.135000
0 0.438125 0.881667 0.107500 0.158333
0 0.352812 0.919583 0.078125 0.150833
0 0.784375 0.713750 0.056250 0.049167
