0 0.503437 0.860833 0.103125 0.116667
0 0.961562 0.782083 0.076875 0.057500
0 0.917813 0.804583 0.139375 0.102500
0 0.803750 0.814167 0.117500 0.103333
0 0.741875 0.819583 0.126250 0.124167
0 0.669063 0.830833 0.130625 0.130000
0 0.587812 0.840417 0.103125 0.129167
0 0.505313 0.647917 0.054375 0.040833
0 0.472500 0.610833 0.037500 0.035000
0 0.505625 0.609583 0.033750 0.032500
0 0.541250 0.608333 0.038750 0.026667
0 0.577812 0.618750 0.033125 0.035833
0 0.555625 0.652917 0.047500 0.030833
0 0.408750 0.861250 0.095000 0.152500
0 0.154375 0.877500 0.101250 0.160000
0 0.450000 0.653333 0.050000 0.043333
0 0.436563 0.609167 0.036875 0.036667
0 0.399687 0.649167 0.044375 0.050000
0 0.398750 0.607500 0.036250 0.038333
0 0.362187 0.605000 0.036875 0.038333
0 0.350000 0.645000 0.043750 0.056667
0 0.287500 0.599583 0.036250 0.042500
0 0.239375 0.595833 0.036250 0.046667
0 0.235313 0.646667 0.046875 0.055000
0 0.165937 0.690833 0.058125 0.066667
0 0.300000 0.690417 0.045000 0.059167
0 0.364375 0.689167 0.053750 0.055000
0 0.419063 0.689167 0.053125 0.056667
0 0.466875 0.690417 0.045000 0.054167
0 0.512500 0.687500 0.057500 0.060000
0 0.563125 0.692500 0.060000 0.051667
0 0.614062 0.692917 0.054375 0.054167
0 0.666875 0.695417 0.060000 0.054167
0 0.706875 0.694583 0.052500 0.049167
0 0.685937 0.656250 0.058125 0.035833
0 0.799063 0.664167 0.064375 0.030000
0 0.875625 0.698750 0.056250 0.055833
0 0.846562 0.699583 0.049375 0.045833
0 0.800312 0.697917 0.075625 0.045833
