0 0.638281 0.836111 0.101562 0.202778
0 0.718359 0.831944 0.116406 0.183333
0 0.793750 0.820139 0.104688 0.184722
0 0.871875 0.827778 0.118750 0.186111
0 0.934375 0.809722 0.117188 0.166667
0 0.917188 0.565278 0.087500 0.100000
0 0.961328 0.565278 0.077344 0.094444
0 0.818359 0.556944 0.078906 0.108333
0 0.766797 0.550000 0.060156 0.088889
0 0.710547 0.545139 0.075781 0.098611
0 0.644141 0.538194 0.061719 0.090278
0 0.593750 0.529861 0.059375 0.087500
0 0.531641 0.528472 0.063281 0.081944
0 0.478125 0.536111 0.067187 0.097222
0 0.397266 0.519444 0.053906 0.100000
0 0.437891 0.447222 0.047656 0.072222
0 0.497656 0.452778 0.053125 0.077778
0 0.471875 0.336111 0.037500 0.080556
0 0.549609 0.354861 0.039844 0.062500
0 0.586328 0.356944 0.042969 0.055556
0 0.629297 0.361806 0.038281 0.062500
0 0.675781 0.368056 0.046875 0.063889
0 0.717969 0.375000 0.051562 0.061111
0 0.658203 0.464583 0.060156 0.068056
0 0.718359 0.470833 0.063281 0.072222
0 0.531250 0.819444 0.096875 0.222222
0 0.398047 0.832639 0.077344 0.212500
