0 0.363750 0.740833 0.101250 0.106667
0 0.486563 0.724167 0.108125 0.101667
0 0.573438 0.719167 0.106875 0.086667
0 0.648750 0.705000 0.100000 0.088333
0 0.724063 0.699167 0.108125 0.078333
0 0.771563 0.686667 0.109375 0.076667
0 0.837187 0.680417 0.113125 0.074167
0 0.807187 0.625417 0.073125 0.037500
0 0.850000 0.620833 0.050000 0.040000
0 0.712500 0.626250 0.066250 0.034167
0 0.644375 0.632083 0.050000 0.042500
0 0.594375 0.635833 0.062500 0.045000
0 0.539062 0.637917 0.061875 0.047500
0 0.573125 0.612500 0.046250 0.030000
0 0.574375 0.607083 0.046250 0.037500
0 0.456562 0.645000 0.056875 0.048333
0 0.399687 0.648750 0.055625 0.049167
0 0.419687 0.622083 0.040625 0.034167
0 0.447813 0.606250 0.035625 0.027500
0 0.375000 0.622917 0.036250 0.034167
0 0.343438 0.654167 0.056875 0.053333
0 0.345625 0.609583 0.038750 0.030833
0 0.318437 0.632500 0.034375 0.038333
0 0.295625 0.609583 0.037500 0.029167
0 0.282813 0.658750 0.055625 0.054167
0 0.202813 0.663333 0.048125 0.061667
