0 0.560000 0.642917 0.051250 0.035833
0 0.180938 0.720417 0.051875 0.065833
0 0.260625 0.710833 0.052500 0.063333
0 0.322813 0.878333 0.094375 0.143333
0 0.447813 0.860833 0.100625 0.146667
0 0.322500 0.708333 0.056250 0.060000
0 0.300625 0.667917 0.042500 0.047500
0 0.287500 0.618750 0.037500 0.042500
0 0.333437 0.617500 0.041875 0.036667
0 0.358438 0.657917 0.038125 0.054167
0 0.377812 0.700000 0.056875 0.056667
0 0.405938 0.656667 0.046875 0.051667
0 0.435625 0.694167 0.057500 0.056667
0 0.521250 0.683333 0.060000 0.056667
0 0.575625 0.681667 0.066250 0.050000
0 0.477187 0.617083 0.028125 0.035833
0 0.435000 0.612083 0.037500 0.032500
0 0.568750 0.607500 0.037500 0.035000
0 0.625625 0.677083 0.052500 0.045833
0 0.697500 0.672917 0.065000 0.044167
0 0.719375 0.642917 0.057500 0.037500
0 0.792188 0.666250 0.074375 0.044167
0 0.833125 0.660833 0.057500 0.043333
0 0.807187 0.777500 0.113125 0.095000
0 0.738750 0.787917 0.113750 0.102500
0 0.689375 0.812083 0.108750 0.105833
0 0.615313 0.821667 0.104375 0.118333
0 0.537188 0.849583 0.105625 0.110833
