0 0.119063 0.437083 0.039375 0.045833
0 0.986250 0.482917 0.027500 0.042500
0 0.676250 0.402917 0.018750 0.030833
0 0.599063 0.408750 0.044375 0.037500
0 0.555000 0.401667 0.048750 0.053333
0 0.503125 0.407083 0.048750 0.044167
0 0.464687 0.413333 0.039375 0.038333
0 0.422812 0.415000 0.036875 0.040000
0 0.376563 0.416667 0.035625 0.045000
0 0.325937 0.417500 0.036875 0.046667
0 0.282187 0.423333 0.033125 0.038333
0 0.262500 0.818750 0.082500 0.169167
0 0.368437 0.794167 0.076875 0.150000
0 0.464687 0.759167 0.086875 0.148333
0 0.557813 0.743750 0.104375 0.152500
0 0.631875 0.720833 0.105000 0.141667
0 0.708750 0.704167 0.103750 0.125000
0 0.782188 0.690417 0.103125 0.115833
0 0.836250 0.662500 0.106250 0.113333
0 0.903438 0.658333 0.096875 0.095000
0 0.190625 0.582917 0.055000 0.074167
0 0.275000 0.567083 0.057500 0.089167
0 0.337500 0.556667 0.048750 0.066667
0 0.395937 0.554167 0.056875 0.068333
0 0.477812 0.538750 0.061875 0.060833
0 0.530000 0.535417 0.063750 0.064167
0 0.583438 0.527083 0.068125 0.062500
0 0.664062 0.520833 0.068125 0.055000
0 0.165937 0.510833 0.048125 0.073333
0 0.239063 0.510000 0.039375 0.053333
0 0.307500 0.502500 0.050000 0.056667
0 0.363438 0.495000 0.046875 0.065000
0 0.427500 0.481250 0.050000 0.057500
0 0.535937 0.475833 0.058125 0.056667
0 0.643750 0.464583 0.058750 0.055833
0 0.682500 0.463750 0.053750 0.055833
0 0.720000 0.458750 0.060000 0.055833
0 0.761250 0.460000 0.048750 0.045000
0 0.805625 0.504167 0.072500 0.046667
0 0.860000 0.498333 0.066250 0.051667
0 0.927813 0.444167 0.055625 0.041667
0 0.880625 0.425417 0.052500 0.035833
0 0.841250 0.408333 0.046250 0.031667
0 0.231875 0.427917 0.033750 0.040833
