0 0.705313 0.807500 0.113125 0.095000
0 0.745313 0.681667 0.070625 0.043333
0 0.780937 0.678750 0.051875 0.044167
0 0.672500 0.686667 0.050000 0.046667
0 0.634375 0.688750 0.048750 0.044167
0 0.599375 0.697917 0.056250 0.047500
0 0.550000 0.700417 0.050000 0.050833
0 0.499688 0.702083 0.063125 0.059167
0 0.403438 0.712500 0.059375 0.055000
0 0.341875 0.719583 0.056250 0.057500
0 0.270000 0.735833 0.057500 0.066667
0 0.130625 0.642500 0.050000 0.056667
0 0.183438 0.693333 0.064375 0.055000
0 0.195312 0.635417 0.039375 0.059167
0 0.308437 0.679583 0.044375 0.047500
0 0.249062 0.640000 0.036875 0.035000
0 0.327813 0.636250 0.038125 0.035833
0 0.370937 0.632500 0.040625 0.036667
0 0.413750 0.630000 0.038750 0.035000
0 0.459688 0.669583 0.049375 0.050833
0 0.366875 0.672917 0.046250 0.049167
0 0.472813 0.627917 0.040625 0.035833
0 0.506563 0.628333 0.038125 0.033333
0 0.543125 0.663333 0.057500 0.040000
0 0.580937 0.658750 0.049375 0.034167
0 0.537500 0.627917 0.035000 0.029167
0 0.900937 0.749583 0.100625 0.059167
0 0.245312 0.919583 0.085625 0.157500
0 0.330937 0.873750 0.104375 0.160833
0 0.432812 0.869583 0.105625 0.132500
0 0.502500 0.840417 0.106250 0.120833
0 0.586250 0.833333 0.106250 0.113333
