0 0.773750 0.576250 0.045833 0.038750
0 0.637083 0.662813 0.072500 0.066875
0 0.830833 0.671875 0.071667 0.071250
0 0.841667 0.580937 0.058333 0.040625
0 0.701667 0.572812 0.048333 0.035625
0 0.638333 0.566250 0.050000 0.037500
0 0.623333 0.536250 0.041667 0.035000
0 0.563750 0.533125 0.052500 0.035000
0 0.512083 0.561562 0.052500 0.034375
0 0.452917 0.559375 0.057500 0.033750
0 0.396667 0.557500 0.056667 0.032500
0 0.332917 0.638437 0.082500 0.059375
0 0.254583 0.632812 0.082500 0.058125
0 0.183333 0.631250 0.088333 0.055000
0 0.114583 0.628750 0.085833 0.055000
0 0.275000 0.550625 0.071667 0.033750
0 0.337917 0.552813 0.064167 0.033125
0 0.327083 0.524062 0.065833 0.029375
0 0.388333 0.526250 0.056667 0.032500
0 0.388333 0.490938 0.048333 0.024375
0 0.432083 0.490625 0.044167 0.026250
0 0.491667 0.494688 0.045000 0.023125
0 0.536250 0.494375 0.042500 0.025000
0 0.583750 0.496250 0.040833 0.030000
0 0.492083 0.530625 0.052500 0.033750
0 0.698750 0.500313 0.037500 0.030625
0 0.810417 0.507188 0.045833 0.026875
0 0.803750 0.546250 0.044167 0.037500
0 0.861667 0.552188 0.041667 0.033125
0 0.905000 0.582500 0.031667 0.038750
