0 0.332917 0.638437 0.082500 0.060625
0 0.255000 0.632812 0.083333 0.058125
0 0.184167 0.630938 0.088333 0.054375
0 0.115000 0.628750 0.086667 0.055000
2 0.055417 0.628750 0.040833 0.045000
0 0.274167 0.550625 0.071667 0.035000
0 0.337917 0.552500 0.064167 0.033750
0 0.396250 0.558125 0.057500 0.035000
0 0.453333 0.559688 0.060000 0.035625
0 0.512083 0.561875 0.055833 0.035000
0 0.700833 0.573125 0.048333 0.037500
0 0.638750 0.566562 0.050833 0.038125
0 0.774167 0.576250 0.046667 0.038750
0 0.841250 0.580625 0.057500 0.040000
0 0.803750 0.545625 0.045833 0.038750
0 0.861667 0.551875 0.043333 0.036250
0 0.905417 0.582500 0.032500 0.038750
0 0.830833 0.671250 0.071667 0.071250
0 0.637083 0.662500 0.072500 0.067500
0 0.810000 0.507188 0.045000 0.026875
0 0.696667 0.500313 0.046667 0.029375
0 0.622917 0.536563 0.044167 0.038125
0 0.584167 0.496563 0.041667 0.031875
0 0.563750 0.533750 0.052500 0.033750
0 0.492083 0.530625 0.052500 0.035000
0 0.389167 0.526250 0.056667 0.033750
0 0.327083 0.524375 0.065833 0.031250
0 0.388750 0.490938 0.049167 0.025625
0 0.432500 0.490938 0.045000 0.026875
0 0.490833 0.494688 0.043333 0.024375
0 0.535833 0.494063 0.041667 0.026875
