0 0.430078 0.652083 0.103906 0.093750
0 0.549609 0.631771 0.116406 0.092708
0 0.643359 0.624479 0.114844 0.078125
0 0.711719 0.615104 0.103125 0.071875
0 0.760156 0.604688 0.104688 0.067708
0 0.834766 0.600521 0.083594 0.067708
0 0.883984 0.593750 0.055469 0.060417
0 0.918750 0.585417 0.103125 0.062500
0 0.841797 0.539062 0.046094 0.036458
0 0.822656 0.541667 0.028125 0.033333
0 0.796875 0.544792 0.046875 0.039583
0 0.758203 0.537500 0.044531 0.033333
0 0.707422 0.548438 0.039844 0.042708
0 0.670312 0.548438 0.050000 0.044792
0 0.629687 0.553125 0.059375 0.045833
0 0.578906 0.557813 0.046875 0.044792
0 0.534766 0.561979 0.053906 0.038542
0 0.485156 0.566667 0.050000 0.045833
0 0.435547 0.571354 0.069531 0.046875
0 0.296875 0.585417 0.037500 0.054167
