0 0.579063 0.515892 0.033125 0.048900
0 0.040938 0.677669 0.081875 0.069275
0 0.797500 0.555420 0.025000 0.052975
0 0.762500 0.518745 0.033750 0.041565
0 0.718750 0.517930 0.036250 0.056235
0 0.720625 0.460065 0.037500 0.041565
0 0.640938 0.460065 0.043125 0.041565
0 0.546250 0.465363 0.032500 0.044010
0 0.508125 0.466178 0.035000 0.037490
0 0.473125 0.471068 0.032500 0.032600
0 0.428750 0.469845 0.035000 0.036675
0 0.395313 0.473920 0.035625 0.035045
0 0.196250 0.678892 0.063750 0.076610
0 0.249062 0.676854 0.064375 0.075795
0 0.304375 0.672372 0.062500 0.078240
0 0.365000 0.674409 0.062500 0.082315
0 0.477500 0.517930 0.038750 0.044825
0 0.397813 0.522005 0.043125 0.044825
0 0.350313 0.524450 0.050625 0.044825
0 0.312500 0.561532 0.052500 0.045640
0 0.361563 0.559495 0.049375 0.046455
0 0.406875 0.561532 0.045000 0.045640
0 0.449688 0.558272 0.041875 0.042380
0 0.494688 0.557865 0.041875 0.046455
0 0.533125 0.515077 0.040000 0.047270
0 0.592812 0.554605 0.038125 0.049715
0 0.640938 0.558680 0.036875 0.051345
0 0.696562 0.556642 0.038125 0.050530
0 0.749375 0.557457 0.046250 0.052160
0 0.747812 0.680114 0.056875 0.092095
0 0.598750 0.682152 0.053750 0.088020
