0 0.550000 0.457083 0.031250 0.037500
0 0.976875 0.749167 0.046250 0.080000
0 0.945000 0.802083 0.110000 0.149167
0 0.874062 0.788333 0.130625 0.161667
0 0.806250 0.817917 0.110000 0.122500
0 0.065937 0.840000 0.131875 0.205000
0 0.178437 0.818333 0.099375 0.190000
0 0.726875 0.810417 0.112500 0.150833
0 0.646250 0.810417 0.098750 0.152500
0 0.554375 0.811667 0.086250 0.153333
0 0.374688 0.826667 0.075625 0.166667
0 0.465313 0.821250 0.078125 0.157500
0 0.990938 0.493750 0.018125 0.034167
0 0.988437 0.578750 0.023125 0.034167
0 0.976250 0.479583 0.043750 0.030833
0 0.965313 0.542917 0.054375 0.047500
0 0.926250 0.540000 0.051250 0.045000
0 0.886250 0.541667 0.055000 0.048333
0 0.839688 0.542083 0.066875 0.049167
0 0.751250 0.467083 0.040000 0.035833
0 0.713437 0.463750 0.044375 0.044167
0 0.672500 0.460417 0.040000 0.037500
0 0.629687 0.460833 0.041875 0.041667
0 0.699688 0.532917 0.061875 0.052500
0 0.646563 0.527500 0.056875 0.063333
0 0.594375 0.525417 0.048750 0.059167
0 0.586250 0.455833 0.036250 0.043333
0 0.545625 0.526250 0.050000 0.062500
0 0.501875 0.456250 0.033750 0.037500
0 0.451250 0.455833 0.033750 0.046667
0 0.492812 0.531667 0.045625 0.063333
0 0.430312 0.528750 0.044375 0.059167
0 0.410938 0.450833 0.029375 0.043333
0 0.375312 0.521667 0.039375 0.065000
0 0.365625 0.453333 0.038750 0.046667
0 0.316875 0.450000 0.041250 0.040000
0 0.325000 0.522500 0.040000 0.063333
0 0.942813 0.594583 0.073125 0.060833
0 0.899375 0.596250 0.063750 0.055833
0 0.839063 0.594167 0.073125 0.060000
0 0.782813 0.592917 0.065625 0.060833
0 0.726875 0.589583 0.067500 0.059167
0 0.675000 0.586667 0.062500 0.073333
0 0.617188 0.585833 0.064375 0.065000
0 0.545937 0.587917 0.058125 0.067500
0 0.492188 0.591667 0.048125 0.063333
0 0.435937 0.595000 0.053125 0.071667
0 0.371875 0.590000 0.051250 0.076667
0 0.147500 0.598750 0.070000 0.080833
0 0.230937 0.593750 0.068125 0.077500
0 0.303438 0.590000 0.050625 0.068333
