0 0.970000 0.612500 0.060000 0.083333
0 0.382812 0.747500 0.070625 0.143333
0 0.068437 0.792083 0.121875 0.159167
0 0.454688 0.725417 0.070625 0.134167
0 0.528750 0.703750 0.078750 0.132500
0 0.609062 0.691250 0.089375 0.129167
0 0.366875 0.524583 0.042500 0.064167
0 0.426250 0.516250 0.047500 0.060833
0 0.484063 0.515833 0.051875 0.063333
0 0.530937 0.505000 0.049375 0.055000
0 0.580937 0.501250 0.054375 0.057500
0 0.510625 0.451250 0.046250 0.057500
0 0.564688 0.443750 0.049375 0.055833
0 0.608750 0.451250 0.058750 0.070833
0 0.674063 0.486250 0.059375 0.055833
0 0.725625 0.485833 0.058750 0.051667
0 0.733437 0.432917 0.058125 0.052500
0 0.773125 0.480417 0.067500 0.052500
0 0.819688 0.476250 0.069375 0.052500
0 0.862812 0.471250 0.070625 0.055833
0 0.776250 0.433750 0.052500 0.039167
0 0.876250 0.420833 0.063750 0.040000
0 0.661875 0.377917 0.050000 0.034167
0 0.589063 0.380417 0.040625 0.039167
0 0.509687 0.385833 0.038125 0.043333
0 0.470000 0.390000 0.031250 0.035000
0 0.434375 0.394167 0.033750 0.033333
0 0.385000 0.395417 0.028750 0.042500
0 0.349062 0.401667 0.031875 0.040000
0 0.364063 0.469167 0.035625 0.051667
0 0.423125 0.463333 0.042500 0.060000
0 0.877188 0.652083 0.121875 0.120833
