0 0.494688 0.567917 0.048125 0.037500
0 0.448437 0.569167 0.051875 0.043333
0 0.401562 0.570833 0.051875 0.048333
0 0.500313 0.530833 0.036875 0.033333
0 0.336250 0.573750 0.042500 0.045833
0 0.276562 0.579167 0.043125 0.045000
0 0.205000 0.578333 0.042500 0.046667
0 0.843437 0.587083 0.063125 0.047500
0 0.807500 0.591250 0.047500 0.040833
0 0.771563 0.592500 0.049375 0.043333
0 0.744375 0.597917 0.051250 0.042500
0 0.706562 0.602083 0.054375 0.045833
0 0.655937 0.596250 0.063125 0.059167
0 0.611875 0.598750 0.055000 0.052500
0 0.565312 0.605833 0.056875 0.051667
0 0.513125 0.607917 0.055000 0.050833
0 0.462187 0.611250 0.054375 0.050833
0 0.405313 0.614583 0.053125 0.055833
0 0.345938 0.619167 0.053125 0.063333
0 0.283750 0.626667 0.053750 0.065000
0 0.208125 0.632917 0.056250 0.064167
0 0.953438 0.662083 0.093125 0.047500
0 0.923438 0.690833 0.091875 0.086667
0 0.065000 0.831667 0.105000 0.176667
0 0.201250 0.813333 0.086250 0.151667
0 0.400938 0.772083 0.095625 0.130833
0 0.882188 0.697083 0.103125 0.084167
0 0.483125 0.756667 0.095000 0.125000
0 0.568125 0.745833 0.102500 0.116667
0 0.640625 0.732917 0.095000 0.107500
0 0.714688 0.720833 0.108125 0.105000
0 0.778125 0.710417 0.098750 0.094167
0 0.849063 0.709583 0.099375 0.094167
0 0.305937 0.790000 0.090625 0.150000
0 0.541562 0.532083 0.039375 0.032500
0 0.579063 0.531667 0.038125 0.028333
0 0.622188 0.533750 0.018125 0.015833
0 0.635625 0.532083 0.010000 0.015833
0 0.653125 0.533750 0.017500 0.022500
0 0.671875 0.533750 0.016250 0.022500
0 0.690000 0.532917 0.017500 0.017500
0 0.704688 0.532500 0.014375 0.011667
0 0.719063 0.532917 0.011875 0.020833
0 0.735313 0.534583 0.019375 0.017500
0 0.426563 0.531250 0.041875 0.037500
0 0.385937 0.531250 0.033125 0.032500
0 0.339687 0.531250 0.036875 0.040833
0 0.296250 0.535417 0.031250 0.037500
0 0.248438 0.535000 0.033125 0.041667
0 0.101562 0.542917 0.036875 0.039167
0 0.776250 0.530417 0.028750 0.025833
0 0.802188 0.537500 0.043125 0.028333
0 0.839688 0.547083 0.053125 0.030833
0 0.885625 0.562083 0.053750 0.030833
0 0.937187 0.580000 0.046875 0.033333
0 0.977187 0.593750 0.045625 0.035833
0 0.752812 0.558750 0.041875 0.024167
0 0.716562 0.558750 0.054375 0.037500
0 0.691250 0.565000 0.043750 0.028333
0 0.653438 0.562917 0.051875 0.042500
0 0.611875 0.557083 0.045000 0.032500
0 0.577812 0.562917 0.046875 0.035833
0 0.539375 0.567500 0.048750 0.036667
