0 0.298125 0.536667 0.046250 0.071667
0 0.292812 0.854583 0.070625 0.144167
0 0.386562 0.833333 0.079375 0.168333
0 0.481250 0.820833 0.082500 0.148333
0 0.568438 0.807500 0.101875 0.158333
0 0.729375 0.795000 0.113750 0.141667
0 0.810312 0.778750 0.114375 0.134167
0 0.911875 0.771250 0.130000 0.122500
0 0.303750 0.607917 0.048750 0.074167
0 0.365000 0.602500 0.042500 0.065000
0 0.432500 0.597083 0.058750 0.070833
0 0.495937 0.597917 0.058125 0.062500
0 0.570937 0.586667 0.060625 0.060000
0 0.629375 0.585000 0.065000 0.060000
0 0.689688 0.582083 0.063125 0.057500
0 0.740000 0.580000 0.065000 0.060000
0 0.795937 0.581667 0.059375 0.053333
0 0.849375 0.579167 0.083750 0.061667
0 0.925625 0.577083 0.082500 0.054167
0 0.737812 0.526667 0.059375 0.053333
0 0.628125 0.527917 0.060000 0.060833
0 0.520938 0.538333 0.049375 0.048333
0 0.468438 0.535417 0.043125 0.057500
0 0.406875 0.535833 0.047500 0.053333
0 0.130625 0.610417 0.066250 0.094167
0 0.047500 0.625417 0.080000 0.082500
0 0.291563 0.465417 0.030625 0.045833
0 0.333125 0.462917 0.035000 0.044167
0 0.393437 0.465833 0.033125 0.040000
0 0.437500 0.460833 0.045000 0.046667
0 0.525312 0.462500 0.039375 0.045000
0 0.575000 0.462500 0.043750 0.036667
0 0.613437 0.459583 0.040625 0.044167
0 0.665312 0.459583 0.048125 0.047500
0 0.723750 0.464583 0.015000 0.030833
0 0.745938 0.470000 0.020625 0.028333
0 0.785000 0.467500 0.016250 0.025000
0 0.815937 0.468333 0.020625 0.018333
0 0.827187 0.467500 0.019375 0.025000
0 0.958438 0.499583 0.056875 0.034167
0 0.920000 0.483750 0.048750 0.032500
0 0.987812 0.521667 0.024375 0.036667
