0 0.726875 0.675000 0.052500 0.048333
0 0.176250 0.864583 0.100000 0.159167
0 0.430625 0.845417 0.095000 0.150833
0 0.524687 0.844167 0.101875 0.115000
0 0.608750 0.822083 0.103750 0.127500
0 0.690000 0.811667 0.130000 0.126667
0 0.761563 0.798333 0.125625 0.121667
0 0.823438 0.792500 0.116875 0.101667
0 0.929063 0.781667 0.121875 0.100000
0 0.971875 0.758750 0.056250 0.059167
0 0.897500 0.677083 0.048750 0.044167
0 0.866875 0.677917 0.048750 0.044167
0 0.820625 0.676667 0.076250 0.046667
0 0.818125 0.641667 0.066250 0.030000
0 0.705000 0.637500 0.057500 0.036667
0 0.687500 0.676250 0.060000 0.052500
0 0.634062 0.675417 0.054375 0.054167
0 0.583438 0.675417 0.060625 0.052500
0 0.533125 0.670833 0.056250 0.058333
0 0.487187 0.675000 0.044375 0.053333
0 0.439375 0.674167 0.052500 0.058333
0 0.385000 0.675417 0.053750 0.054167
0 0.320000 0.676667 0.045000 0.060000
0 0.191250 0.685000 0.068750 0.073333
0 0.256563 0.635833 0.049375 0.058333
0 0.258437 0.581667 0.034375 0.045000
0 0.307188 0.587083 0.036875 0.042500
0 0.381563 0.590833 0.036875 0.038333
0 0.370000 0.631250 0.043750 0.057500
0 0.419375 0.592917 0.036250 0.037500
0 0.419375 0.634167 0.042500 0.050000
0 0.469375 0.636667 0.048750 0.041667
0 0.454688 0.592500 0.033125 0.031667
0 0.491563 0.588333 0.036875 0.021667
0 0.524687 0.593333 0.031875 0.031667
0 0.561562 0.596250 0.038125 0.032500
0 0.596250 0.600000 0.031250 0.031667
0 0.527500 0.632083 0.053750 0.040833
0 0.575000 0.636250 0.046250 0.030833
