0 0.160000 0.600000 0.066250 0.093333
0 0.118125 0.854167 0.102500 0.178333
0 0.281250 0.854583 0.081250 0.175833
0 0.407187 0.834583 0.078125 0.169167
0 0.501875 0.826667 0.082500 0.150000
0 0.590313 0.818333 0.101875 0.161667
0 0.672188 0.808333 0.109375 0.166667
0 0.754062 0.815000 0.113125 0.148333
0 0.835938 0.804167 0.118125 0.140000
0 0.936562 0.800833 0.126875 0.130000
0 0.967187 0.767500 0.065625 0.103333
0 0.965000 0.604167 0.063750 0.055000
0 0.922500 0.604167 0.051250 0.055000
0 0.978437 0.600000 0.043125 0.053333
0 0.877812 0.602500 0.083125 0.060000
0 0.821875 0.603750 0.065000 0.055833
0 0.765000 0.600417 0.070000 0.064167
0 0.707812 0.601250 0.065625 0.064167
0 0.654375 0.599167 0.066250 0.061667
0 0.595313 0.596667 0.060625 0.060000
0 0.520000 0.605417 0.060000 0.064167
0 0.457188 0.600417 0.058125 0.072500
0 0.351562 0.609583 0.050625 0.072500
0 0.293125 0.601667 0.047500 0.070000
0 0.229687 0.600417 0.053125 0.067500
0 0.078125 0.612083 0.078750 0.084167
0 0.023750 0.845417 0.047500 0.162500
0 0.268125 0.470417 0.046250 0.057500
0 0.322813 0.462500 0.039375 0.051667
0 0.370312 0.462917 0.039375 0.044167
0 0.419063 0.463333 0.038125 0.050000
0 0.463438 0.466250 0.043125 0.047500
0 0.508125 0.466250 0.042500 0.049167
0 0.550312 0.471250 0.040625 0.045833
0 0.606250 0.472917 0.041250 0.040833
0 0.649375 0.468750 0.042500 0.030833
0 0.692500 0.475000 0.048750 0.050000
0 0.653750 0.540417 0.060000 0.059167
0 0.601562 0.540000 0.060625 0.066667
0 0.545937 0.545833 0.050625 0.051667
0 0.493437 0.537917 0.041875 0.062500
0 0.442812 0.541250 0.044375 0.060833
0 0.380000 0.542083 0.046250 0.057500
0 0.324375 0.533750 0.046250 0.075833
0 0.727187 0.542917 0.063125 0.060833
0 0.766875 0.543333 0.053750 0.056667
0 0.806250 0.544167 0.061250 0.058333
0 0.854062 0.547500 0.058125 0.046667
0 0.907500 0.552917 0.061250 0.045833
