0 0.067812 0.776667 0.121875 0.155000
0 0.382812 0.737500 0.071875 0.141667
0 0.454375 0.717500 0.068750 0.131667
0 0.529062 0.696250 0.078125 0.132500
0 0.609062 0.685417 0.088125 0.125833
0 0.876250 0.651250 0.120000 0.120833
0 0.970313 0.613750 0.059375 0.085833
0 0.866875 0.471250 0.065000 0.054167
0 0.879062 0.420417 0.065625 0.040833
0 0.779062 0.429583 0.053125 0.044167
0 0.823750 0.474583 0.070000 0.054167
0 0.775312 0.478333 0.065625 0.051667
0 0.736250 0.430417 0.056250 0.050833
0 0.729062 0.483333 0.058125 0.051667
0 0.677188 0.482083 0.059375 0.054167
0 0.611563 0.441250 0.056875 0.059167
0 0.582812 0.495833 0.054375 0.055000
0 0.533125 0.500417 0.050000 0.055833
0 0.485938 0.506667 0.050625 0.058333
0 0.428750 0.509167 0.046250 0.063333
0 0.367812 0.516250 0.044375 0.064167
0 0.365625 0.459167 0.036250 0.051667
0 0.424687 0.455833 0.040625 0.056667
0 0.351562 0.394583 0.031875 0.045833
0 0.387500 0.387500 0.028750 0.041667
0 0.437812 0.388333 0.034375 0.038333
0 0.474062 0.384583 0.031875 0.039167
0 0.511875 0.380000 0.036250 0.045000
0 0.512188 0.445000 0.045625 0.053333
0 0.567187 0.438333 0.048125 0.056667
0 0.592812 0.375833 0.041875 0.041667
0 0.673750 0.385000 0.066250 0.053333
2 0.772500 0.370000 0.016250 0.020000
2 0.795312 0.368333 0.019375 0.026667
2 0.820937 0.367917 0.018125 0.024167
2 0.835938 0.366667 0.015625 0.023333
2 0.851562 0.367500 0.015625 0.023333
