0 0.339375 0.470417 0.038750 0.049167
0 0.574688 0.464583 0.050625 0.040833
0 0.624687 0.471667 0.053125 0.045000
0 0.666250 0.463333 0.043750 0.033333
0 0.702187 0.462917 0.044375 0.035833
0 0.647500 0.430833 0.043750 0.035000
0 0.604375 0.427500 0.041250 0.036667
0 0.572187 0.428333 0.035625 0.033333
0 0.680625 0.430417 0.036250 0.032500
0 0.740625 0.462917 0.046250 0.027500
0 0.776250 0.461667 0.052500 0.031667
0 0.820937 0.461250 0.056875 0.029167
0 0.065625 0.685417 0.118750 0.164167
0 0.136250 0.522083 0.076250 0.070833
0 0.293750 0.677083 0.078750 0.102500
0 0.389688 0.673750 0.073125 0.124167
0 0.179375 0.675833 0.095000 0.158333
0 0.489687 0.651667 0.083125 0.120000
0 0.578750 0.640000 0.105000 0.123333
0 0.666875 0.627917 0.108750 0.122500
0 0.730625 0.619583 0.117500 0.109167
0 0.812187 0.615000 0.116875 0.103333
0 0.872812 0.611250 0.126875 0.102500
0 0.932187 0.597917 0.135625 0.085833
0 0.973437 0.597500 0.053125 0.085000
0 0.920937 0.493333 0.053125 0.048333
0 0.892500 0.493750 0.047500 0.047500
0 0.846875 0.492083 0.053750 0.044167
0 0.806250 0.494583 0.050000 0.044167
0 0.757812 0.497917 0.064375 0.049167
0 0.705313 0.497917 0.048125 0.049167
0 0.660312 0.500417 0.063125 0.054167
0 0.601562 0.500833 0.054375 0.050000
0 0.551875 0.505417 0.055000 0.052500
0 0.498125 0.503333 0.051250 0.056667
0 0.449688 0.506667 0.053125 0.060000
0 0.388437 0.508750 0.044375 0.055833
0 0.332188 0.509167 0.048125 0.068333
0 0.284375 0.475000 0.038750 0.050000
0 0.273750 0.515000 0.045000 0.056667
0 0.290312 0.436667 0.033125 0.028333
0 0.340313 0.426667 0.033125 0.038333
0 0.249688 0.435833 0.033125 0.035000
0 0.376250 0.430833 0.033750 0.033333
0 0.416563 0.430417 0.034375 0.032500
0 0.451250 0.429167 0.031250 0.030000
0 0.493125 0.432083 0.036250 0.032500
0 0.538125 0.428333 0.040000 0.036667
0 0.520312 0.466667 0.043125 0.045000
0 0.479687 0.466250 0.036875 0.040833
0 0.438750 0.471667 0.048750 0.040000
0 0.390937 0.470833 0.039375 0.048333
