0 0.185625 0.934583 0.092500 0.130833
0 0.297812 0.923333 0.093125 0.153333
0 0.387813 0.911667 0.099375 0.138333
0 0.460625 0.871250 0.106250 0.122500
0 0.461250 0.874583 0.107500 0.129167
0 0.540625 0.871250 0.102500 0.120833
0 0.605000 0.842500 0.113750 0.120000
0 0.676250 0.847083 0.106250 0.100833
0 0.723125 0.828750 0.100000 0.095833
0 0.773438 0.820833 0.106875 0.088333
0 0.825313 0.818750 0.085625 0.085833
0 0.039375 0.663333 0.047500 0.045000
0 0.090625 0.659167 0.041250 0.048333
0 0.121563 0.710000 0.046875 0.063333
0 0.150000 0.758750 0.051250 0.070833
0 0.230625 0.757500 0.056250 0.066667
0 0.178437 0.707083 0.046875 0.060833
0 0.161562 0.657917 0.039375 0.047500
0 0.211250 0.658333 0.042500 0.038333
0 0.229063 0.700833 0.051875 0.061667
0 0.283438 0.700000 0.046875 0.056667
0 0.305000 0.729167 0.058750 0.088333
0 0.256250 0.656667 0.047500 0.038333
0 0.301250 0.653750 0.040000 0.035833
0 0.344375 0.652917 0.037500 0.037500
0 0.384062 0.655417 0.039375 0.035833
0 0.420938 0.653750 0.041875 0.034167
0 0.451875 0.654583 0.037500 0.042500
0 0.484063 0.655417 0.040625 0.037500
0 0.515625 0.655417 0.038750 0.032500
0 0.336250 0.694583 0.046250 0.054167
0 0.386250 0.696250 0.050000 0.042500
0 0.370625 0.737500 0.057500 0.056667
0 0.423438 0.734583 0.056875 0.057500
0 0.472813 0.730417 0.058125 0.060833
0 0.432812 0.691250 0.048125 0.044167
0 0.477187 0.690833 0.048125 0.041667
0 0.516250 0.690833 0.047500 0.038333
0 0.525312 0.730417 0.054375 0.054167
0 0.574063 0.727917 0.055625 0.047500
0 0.555937 0.689167 0.046875 0.038333
0 0.610000 0.722500 0.046250 0.046667
0 0.652813 0.718333 0.056875 0.046667
0 0.635000 0.684583 0.053750 0.027500
0 0.591562 0.687083 0.049375 0.034167
0 0.677500 0.687083 0.036250 0.024167
0 0.697500 0.718750 0.043750 0.044167
0 0.731563 0.716250 0.050625 0.044167
0 0.760000 0.715417 0.045000 0.044167
