0 0.321250 0.897917 0.093750 0.142500
0 0.445937 0.880000 0.101875 0.146667
0 0.534687 0.868750 0.105625 0.109167
0 0.612812 0.841667 0.104375 0.118333
0 0.687500 0.830833 0.110000 0.105000
0 0.736875 0.807083 0.115000 0.102500
0 0.805937 0.796250 0.114375 0.095833
0 0.790312 0.684583 0.075625 0.042500
0 0.830937 0.679167 0.059375 0.046667
0 0.716875 0.661667 0.056250 0.040000
0 0.695000 0.691667 0.066250 0.045000
0 0.557187 0.662083 0.050625 0.037500
0 0.572187 0.701250 0.064375 0.049167
0 0.622812 0.696250 0.053125 0.047500
0 0.518125 0.702917 0.060000 0.057500
0 0.432812 0.714583 0.056875 0.055833
0 0.375625 0.718750 0.056250 0.052500
0 0.320625 0.727500 0.055000 0.060000
0 0.259688 0.731250 0.053125 0.062500
0 0.181250 0.740000 0.052500 0.066667
0 0.285313 0.637500 0.036875 0.040000
0 0.331875 0.638333 0.041250 0.035000
0 0.431563 0.632083 0.036875 0.032500
0 0.404062 0.676667 0.045625 0.050000
0 0.356563 0.676667 0.038125 0.051667
0 0.299063 0.687500 0.043125 0.046667
0 0.476562 0.639167 0.033125 0.033333
0 0.565937 0.626667 0.038125 0.035000
2 0.641250 0.626250 0.018750 0.025833
2 0.676250 0.628750 0.016250 0.019167
2 0.707500 0.627917 0.020000 0.019167
2 0.722500 0.626667 0.017500 0.021667
