0 0.884375 0.620417 0.092500 0.060833
0 0.845938 0.568333 0.063125 0.041667
0 0.769687 0.833750 0.130625 0.169167
0 0.640312 0.497917 0.046875 0.044167
0 0.264688 0.633333 0.045625 0.068333
0 0.330000 0.633333 0.046250 0.066667
0 0.391562 0.630000 0.049375 0.065000
0 0.373750 0.573750 0.041250 0.052500
0 0.413125 0.508750 0.031250 0.042500
0 0.371875 0.880417 0.077500 0.175833
0 0.488125 0.876250 0.090000 0.175833
0 0.457813 0.494583 0.034375 0.039167
0 0.585313 0.867917 0.108125 0.139167
0 0.669687 0.847500 0.103125 0.153333
